2.1232442512267915
2.0972596337487883
1.5157200657349714
1.855733519071619
1.9842168442357462
1.8527405777789077
1.7247862237248737
1.6211520680931686
1.666246020724471
1.5389866483120693
1.257179834687719
1.4290746737475994
1.623734164106348
1.5757837341529934
1.3127939082272668
1.4085208576532542
1.3344003270657712
1.3390560757451373
1.3243342079729423
1.9217457363829353
1.3014704644183472
1.3286359370444463
1.2793437499738516
1.377602861402682
1.3822057919203632
1.3277845207595576
1.306468396463741
1.272421955287204
1.2698845342812686
1.2344661760407634
1.2350634484883771
1.1830203501199015
1.207010267033044
1.1938160060486793
1.1963236757002007
1.1896276739138878
1.17017314574006
1.174761718355204
1.1698892582842162
1.1615547150786785
Statistics: 
Min opened nodes: 4 Max opened nodes: 1881 Average: 313
All problems were solved successfully!!
Total Runtime: 3.044 Sec.
