2.0030199062470024
1.7984581088881026
1.5260620996791407
1.8123982767519702
1.6316268124379434
1.5975670955551038
1.72448681586061
1.5091930628549837
1.6656380295716542
1.533928027740587
1.24422382951662
1.4189847198409553
1.5306578608772548
1.6032953391153162
1.266161407388084
1.3690943396209763
1.294211831492944
1.339309212729795
1.3212777572501802
1.8060046905907177
1.3014704644183472
1.3257344219288445
1.2550228348542112
1.3752498571912268
1.3829312833638743
1.3149530494216637
1.2968389786323058
1.2336369618040932
1.2354512436457934
1.2319831935417014
1.2412623666377358
1.182699751981459
1.172901067617779
1.1772312043453672
1.1635339373200395
1.181977261770553
1.1542090174662052
1.1549184169476394
1.1425125105425717
1.1597929603599522
Statistics: 
Min opened nodes: 28 Max opened nodes: 3279 Average: 422
All problems were solved successfully!!
Total Runtime: 2.51 Sec.
