2.3870146055911916
2.7301850153104392
1.6084913646249948
1.9129311858800924
2.3386991548471876
2.2553797026211773
1.9169193749271687
1.770539142598608
1.7226685511141457
1.5636051438332448
1.3085992671354472
1.5240375332228902
1.7553647020049243
1.7064445464954563
1.3127939082272668
1.4519612822585397
1.375417112062357
1.3425385462865729
1.3248307805517336
2.0680639465028845
1.3014704644183472
1.3698966742345386
1.3041188907786525
1.396553967404107
1.397823885056415
1.3534053709720386
1.3260686723638588
1.2879650304956984
1.310003597091612
1.2465729009763602
1.250385084389283
1.1872569880268067
1.230093943903545
1.2153073822865412
1.2123814968674942
1.1959249564416325
1.1748353787535735
1.1874671121015286
1.177897380932742
1.1704730798484597
Statistics: 
Min opened nodes: 3 Max opened nodes: 2734 Average: 321
All problems were solved successfully!!
Total Runtime: 4.136 Sec.
