2.710359507088286
2.6771896024636757
1.815616508651051
2.3688784099089633
2.497980903578381
2.304022269879839
2.082580682968829
1.9574424161287443
2.049606833493813
1.818084851917581
1.4119747484044227
1.6780012387261765
1.9182017233760111
1.8399214260350802
1.5045315199016653
1.6209942429574549
1.5125445064943646
1.5230576025436113
1.5241118725658325
2.4193331869813326
1.5045183489556575
1.4965383860396393
1.4329276055740263
1.5615134490177929
1.561658952986875
1.4912614878742052
1.46731760767815
1.425176083001697
1.405660612922985
1.3724336265481274
1.356709003557939
1.3042986349142875
1.3214330562981405
1.295729084083508
1.3001584745741845
1.296468333766907
1.2684578054000075
1.2703666024329858
1.2622311799342265
1.2519049066247212
Statistics: 
Min opened nodes: 4 Max opened nodes: 1881 Average: 313
All problems were solved successfully!!
Total Runtime: 3.217 Sec.
