2.558528945973249
2.295369482915519
1.7674878652983819
2.313558853927505
2.062572808793734
2.056541919375131
2.083512702935191
1.8290544391222185
2.04885948244611
1.809863046903588
1.3941187710043996
1.6691698867834965
1.7454140981539108
1.7142724078716647
1.4351903351159443
1.5640719722993583
1.4654679253952836
1.5230163967139299
1.5217816200535415
1.9876404648323318
1.5045183489556575
1.4862076707528573
1.3868537016337075
1.5594062892541172
1.5185356467707667
1.4874076404675565
1.4491438214905332
1.378139096250698
1.3594368765037257
1.3696778761761463
1.3559698286551047
1.3039423898851872
1.29958084646526
1.2795710013458836
1.258161412872021
1.2863142763417337
1.2425112959824673
1.2595770598890033
1.2282308179132295
1.2508392408033158
Statistics: 
Min opened nodes: 27 Max opened nodes: 2529 Average: 385
All problems were solved successfully!!
Total Runtime: 2.674 Sec.
