2.0030199062470024
1.7984581088881026
1.5260620996791407
1.8123982767519702
1.6316268124379434
1.5975670955551038
1.723464207144259
1.5091930628549837
1.6656380295716542
1.532663888802673
1.2443416748181002
1.4189847198409553
1.5306578608772548
1.6080935289362297
1.266161407388084
1.3686670341675615
1.3066754821755404
1.3398132988694358
1.3212777572501802
1.8071258577137115
1.3014704644183472
1.3115032100498547
1.2525433034273787
1.3754105440634683
1.3829312833638743
1.3114423708416199
1.2976184847138708
1.2336369618040932
1.2305991489420511
1.2320226657079443
1.234392681742298
1.182699751981459
1.1733130080623384
1.1740444082554848
1.1635767671650352
1.1775880480308003
1.1495235469530618
1.1579327053066466
1.1453712088687615
1.159801730055089
Statistics: 
Min opened nodes: 26 Max opened nodes: 3514 Average: 424
All problems were solved successfully!!
Total Runtime: 2.764 Sec.
