2.7589241771734314
2.6605337677790435
1.9352071369193282
2.4403063390670576
2.6711217958985825
2.322697899779595
2.314700441972496
1.8712246963615924
2.083305866587762
1.8360916043153852
1.3848491673542314
1.7714700875667817
2.0869307204156695
1.9018664829136707
1.4609140113202477
1.6724324248817932
1.5699093517542986
1.5269332634584811
1.5243983278162536
2.100317846567776
1.5050853680257457
1.528372898390788
1.4499658568603142
1.589425494526359
1.5792424291625649
1.5219357298061358
1.4929597034927693
1.4421936287052521
1.4328472489884856
1.3766061589766623
1.3790160522360684
1.2958464514742591
1.3400703251679722
1.318457809345533
1.3153757060404603
1.292806705880064
1.2691642624525636
1.286693855340252
1.25744487722654
1.2643846241470598
Statistics: 
Min opened nodes: 7 Max opened nodes: 1596 Average: 278
All problems were solved successfully!!
Total Runtime: 3.288 Sec.
